actions
{
	Global.A = Array(0, Vector(-74.991, 2.014, 130.582), Vector(-59.513, 8.017, 147.057), Vector(-75.297, 2.331, 130.329), Vector(
		-59.565, 7.956, 147.234), Vector(-103.435, 4.750, 130.342), Vector(-103.727, 5.948, 129.518), Vector(-109.192, 4.940, 139.663),
		Vector(-109.690, 6.137, 139.811), Vector(-115.434, 4.750, 128.126), Vector(-115.713, 5.880, 127.521), Vector(-129.913, 11.107,
		115.893), Vector(-130.415, 10.955, 116.983), Vector(-114.693, 6.178, 102.226), Vector(-115.135, 4.902, 100.993), Vector(
		-55.011, 8.075, 74.517), Vector(-55.011, 8.075, 74.517), Vector(-33.580, 6.770, 82.206), Vector(-33.580, 6.770, 82.206),
		Vector(-10.733, 7.146, 47.735), Vector(-10.733, 7.146, 47.735), Vector(-4.272, 23.268, 22.328), Vector(-4.272, 23.268, 22.328),
		Vector(-4.272, 23.092, 22.328), Vector(10.493, 23.192, 22.574), Vector(10.493, 23.192, 22.574));
}
